00110000 
00100010
00000000
00110000
01000000
00110000
00101000
00000000
00110000
00100001
01000000
00110000
00100100
00000000
00110000
00100010
01000000
00110000
00101011
00000000
00110000
00100011
01000000
00110000
00101100
00000000
00110000
00100100
01000000
00110000
00101010
00000000
00110000
00100101
01000000
00110000
01010001
10011001
10011110
00101111
00000001
00110000
00100001
00010001
10100001
10101110
01010000
00100001
01100011
10100001
10100101
10000011
10100001
10100100
11000101
10011000
11000011
10011100
11000001
10110000